RESULTADOS
PLANO X:
Buenas:  7
[0.7133333333333333, 0.7333333333333333, 0.7000000000000001, 0.7, 0.7000000000000001, 0.7000000000000001, 0.7000000000000001]
[3, 5, 19, 30, 92, 119, 128]
PLANO Y:
Buenas:  23
[0.7666666666666667, 0.7000000000000001, 0.7000000000000001, 0.7000000000000001, 0.7000000000000001, 0.7000000000000001, 0.7000000000000001, 0.7000000000000001, 0.7333333333333333, 0.7000000000000001, 0.7666666666666667, 0.7000000000000001, 0.7000000000000001, 0.7333333333333333, 0.7000000000000001, 0.7000000000000001, 0.7000000000000001, 0.7000000000000001, 0.7333333333333333, 0.7000000000000001, 0.7333333333333333, 0.7000000000000001, 0.7999999999999999]
[23, 54, 58, 67, 80, 99, 108, 113, 115, 117, 123, 124, 128, 133, 134, 145, 147, 151, 152, 153, 156, 175, 182]
PLANO Z:
Buenas:  19
[0.7333333333333333, 0.7033333333333334, 0.7366666666666666, 0.74, 0.7333333333333333, 0.7000000000000001, 0.7333333333333333, 0.7666666666666667, 0.8666666666666669, 0.7666666666666667, 0.7666666666666667, 0.7000000000000001, 0.7166666666666667, 0.7333333333333333, 0.7999999999999999, 0.7000000000000001, 0.7000000000000001, 0.7033333333333334, 0.7333333333333333]
[0, 2, 3, 7, 19, 21, 26, 30, 33, 36, 38, 39, 42, 50, 52, 59, 64, 68, 120]

